# Created by Octave 4.0.0, Thu Jun 02 15:09:49 2016 Ora solare America Sud or. <unknown@ABRGA1LT0000162>
# name: Mix4
# type: matrix
# rows: 4
# columns: 2
 1 82
 2 33
 3 41
 4 44


