# Created by Octave 4.0.0, Thu Jun 02 15:33:36 2016 Ora solare America Sud or. <unknown@ABRGA1LT0000162>
# name: TemposDasTarefas1_50
# type: matrix
# rows: 20
# columns: 53
 1 504 8 1 0 1 1 1 0 0 1 1 1 1 1 1 0 0 0 0 1 1 1 1 1 0 1 0 1 1 0 1 1 0 1 0 0 1 0 0 0 1 0 0 1 0 0 1 0 1 1 0 1
 2 472 3 0 0 0 1 1 0 0 1 0 0 1 1 1 0 1 1 1 1 1 0 1 1 0 0 1 1 1 1 0 1 0 0 1 0 0 1 0 1 1 0 0 0 1 1 0 1 0 1 0 0
 3 532 5 1 1 1 1 1 0 0 0 0 1 0 0 1 1 1 1 1 1 0 0 1 1 1 0 0 1 0 0 1 1 1 1 0 0 0 1 1 1 0 1 0 0 0 0 0 0 0 0 1 0
 4 519 6 1 1 1 1 1 1 0 1 1 0 1 0 0 0 1 1 1 1 0 0 1 0 0 1 1 0 1 1 1 0 1 1 1 1 1 1 1 0 1 1 1 0 1 1 0 0 1 1 1 1
 5 315 5 1 0 1 0 1 1 0 1 1 1 0 1 0 1 1 0 1 0 0 1 1 1 1 1 1 1 1 0 1 1 1 0 0 1 1 1 0 1 1 1 1 0 0 0 1 0 0 0 0 0
 6 330 2 0 1 1 1 0 1 1 1 0 0 0 0 1 1 1 1 0 0 1 0 1 0 1 0 0 0 1 0 0 1 1 1 0 1 0 1 1 1 0 0 1 0 1 0 1 0 1 1 1 1
 7 651 6 1 0 1 0 0 1 0 1 1 1 1 0 0 0 0 0 0 0 0 1 0 1 1 1 0 0 1 0 0 0 0 1 1 1 1 1 1 1 1 1 0 1 1 0 0 1 0 0 0 0
 8 534 8 0 1 0 1 1 1 0 0 1 0 0 1 1 1 1 0 1 0 0 0 0 1 0 0 1 1 0 0 0 1 1 0 0 0 1 0 1 0 1 1 0 0 1 0 0 0 1 1 1 0
 9 618 2 0 1 0 1 1 1 1 0 1 1 0 0 1 1 0 0 0 0 0 1 1 0 0 1 1 0 1 1 1 1 1 1 0 0 0 0 1 1 0 0 0 0 0 1 1 0 0 0 1 1
 10 351 3 1 1 1 1 0 1 1 0 1 1 0 0 1 0 0 0 1 1 1 1 0 1 0 1 1 1 0 0 0 1 1 0 1 1 1 0 0 0 0 0 1 1 0 0 1 0 0 0 1 0
 11 561 7 1 0 0 1 1 1 0 1 0 1 1 1 0 0 1 1 1 0 1 0 0 0 0 0 0 0 1 1 0 0 1 1 1 0 0 1 1 1 0 1 1 0 1 0 0 0 0 1 1 1
 12 556 8 1 0 1 0 0 1 0 0 1 1 1 0 1 0 0 0 0 1 0 0 1 1 1 0 1 0 1 1 0 0 1 0 1 1 1 0 0 1 1 0 0 1 0 1 0 1 0 1 1 0
 13 527 5 1 0 1 1 1 1 1 0 1 0 1 0 0 0 0 1 1 0 1 1 0 1 1 1 0 1 1 1 1 0 0 1 1 0 1 1 1 1 1 1 1 0 1 1 1 1 0 1 1 0
 14 459 6 0 1 1 0 1 0 1 1 1 0 0 0 1 0 0 0 0 1 0 1 1 1 0 1 0 0 0 1 0 0 1 0 1 1 0 0 1 1 1 1 0 1 1 0 0 1 0 1 1 0
 15 459 1 0 0 0 1 1 1 0 0 1 0 0 1 0 1 1 1 1 0 1 0 0 0 0 0 1 0 0 0 1 1 1 1 0 0 0 0 0 0 0 0 1 0 1 0 0 0 0 0 1 0
 16 414 6 1 1 1 0 1 0 1 1 0 0 0 0 1 0 0 0 1 1 0 1 0 1 1 0 0 0 0 1 0 1 1 1 0 1 0 1 1 0 1 1 1 1 0 0 0 1 0 0 0 1
 17 550 0 1 0 1 0 0 0 1 0 0 1 0 1 0 0 1 1 0 1 1 0 1 0 1 0 0 1 1 1 0 0 0 1 0 1 0 1 1 1 1 0 1 0 0 1 1 0 0 0 0 0
 18 363 2 1 0 1 0 0 0 0 0 0 1 0 1 1 0 1 0 1 0 0 1 1 1 1 1 0 0 0 1 0 0 1 1 1 0 0 1 0 0 0 0 0 0 1 0 0 0 0 1 1 1
 19 809 2 0 1 0 1 0 1 1 1 0 0 1 1 0 0 0 0 0 0 0 1 1 1 1 1 1 0 1 1 1 0 0 1 0 1 1 0 1 1 0 1 1 0 1 0 0 1 1 0 1 1
 20 586 5 1 1 0 1 1 0 1 1 0 0 0 1 1 0 0 0 0 1 1 0 1 1 0 1 1 1 1 1 0 0 0 1 0 0 1 0 1 1 0 1 0 1 1 0 0 1 0 0 0 0


