# Created by Octave 4.0.0, Thu Jun 02 15:33:10 2016 Ora solare America Sud or. <unknown@ABRGA1LT0000162>
# name: TemposDasTarefas2_4
# type: matrix
# rows: 50
# columns: 7
 1 26 8 1 1 1 1
 2 105 6 0 0 0 1
 3 98 5 0 1 1 0
 4 154 3 0 1 0 1
 5 251 2 1 0 0 1
 6 36 1 1 1 0 1
 7 255 3 1 1 0 1
 8 94 6 1 1 1 0
 9 204 3 0 0 0 1
 10 26 0 1 0 1 0
 11 155 0 1 1 1 1
 12 32 0 1 1 1 1
 13 52 8 0 1 1 0
 14 25 5 0 0 1 0
 15 155 3 1 1 1 0
 16 45 7 1 0 1 1
 17 37 6 1 0 1 0
 18 161 7 0 0 0 1
 19 61 1 0 0 0 1
 20 136 3 0 0 1 1
 21 121 2 0 1 1 0
 22 207 7 1 0 0 0
 23 120 6 1 0 1 0
 24 34 1 0 0 1 0
 25 30 0 1 0 1 1
 26 69 3 1 1 0 1
 27 105 7 1 1 0 0
 28 306 2 1 0 0 0
 29 127 7 1 0 1 0
 30 166 2 0 1 1 0
 31 80 6 1 0 1 1
 32 151 5 1 1 0 0
 33 167 5 1 0 1 1
 34 21 6 1 1 1 0
 35 105 2 1 1 0 1
 36 199 2 0 1 0 1
 37 114 1 1 1 1 0
 38 150 1 0 1 1 1
 39 164 5 1 0 0 0
 40 251 3 1 0 1 1
 41 248 5 1 0 1 0
 42 21 3 0 0 1 1
 43 194 8 1 0 1 1
 44 32 1 0 1 1 1
 45 83 5 1 1 1 1
 46 149 3 0 0 1 0
 47 29 0 1 0 0 1
 48 178 1 0 0 1 1
 49 70 5 0 0 1 1
 50 109 1 1 1 1 1


