# Created by Octave 4.0.0, Thu Jun 02 15:21:56 2016 Ora solare America Sud or. <unknown@ABRGA1LT0000162>
# name: Mix50
# type: matrix
# rows: 50
# columns: 2
 1 21
 2 13
 3 13
 4 41
 5 5
 6 10
 7 6
 8 5
 9 31
 10 30
 11 40
 12 10
 13 33
 14 10
 15 7
 16 38
 17 7
 18 32
 19 21
 20 3
 21 17
 22 37
 23 12
 24 39
 25 25
 26 14
 27 39
 28 15
 29 40
 30 11
 31 41
 32 12
 33 39
 34 32
 35 15
 36 1
 37 28
 38 14
 39 3
 40 36
 41 25
 42 12
 43 22
 44 9
 45 12
 46 1
 47 25
 48 9
 49 5
 50 32


