# Created by Octave 4.0.0, Thu Jun 02 15:24:19 2016 Ora solare America Sud or. <unknown@ABRGA1LT0000162>
# name: Precedencia2
# type: matrix
# rows: 53
# columns: 2
 1 8
 2 9
 3 26
 4 10
 6 7
 6 10
 6 11
 6 12
 6 13
 7 36
 8 17
 9 18
 10 14
 10 20
 10 21
 12 15
 12 22
 13 16
 13 19
 13 22
 14 36
 15 36
 16 23
 18 26
 20 24
 20 25
 21 39
 21 40
 23 27
 24 50
 25 28
 25 30
 26 29
 27 31
 28 32
 28 33
 29 34
 30 35
 31 36
 32 37
 33 38
 33 41
 34 40
 35 39
 36 42
 36 43
 36 44
 36 45
 37 47
 38 46
 39 48
 39 49
 41 50


