# Created by Octave 4.0.0, Thu Jun 02 15:24:24 2016 Ora solare America Sud or. <unknown@ABRGA1LT0000162>
# name: Precedencia3
# type: matrix
# rows: 105
# columns: 2
 1 45
 2 45
 3 45
 4 13
 5 15
 6 14
 7 16
 8 17
 8 47
 9 18
 10 12
 11 19
 12 60
 13 20
 14 21
 15 20
 16 22
 17 23
 17 24
 17 25
 17 26
 17 90
 19 27
 20 60
 21 32
 22 28
 23 31
 24 29
 24 32
 24 33
 25 37
 26 35
 27 30
 27 34
 27 36
 28 45
 29 60
 30 60
 31 38
 32 42
 33 39
 34 43
 35 40
 35 41
 35 77
 36 44
 38 45
 39 45
 40 45
 41 45
 42 49
 42 51
 42 52
 42 53
 43 46
 43 47
 44 48
 44 50
 44 54
 45 55
 45 56
 45 57
 45 58
 45 59
 46 60
 47 61
 48 62
 53 64
 53 65
 54 63
 55 73
 59 72
 59 74
 60 66
 60 67
 60 68
 60 69
 61 70
 62 71
 66 78
 66 80
 67 77
 69 81
 70 75
 71 76
 73 79
 75 82
 76 84
 77 83
 79 86
 81 85
 82 88
 83 89
 84 90
 85 87
 85 92
 86 91
 86 93
 86 94
 87 95
 88 96
 89 97
 90 100
 92 99
 93 98


