# Created by Octave 4.0.0, Thu Jun 02 15:24:14 2016 Ora solare America Sud or. <unknown@ABRGA1LT0000162>
# name: Precedencia1
# type: matrix
# rows: 17
# columns: 2
 1 7
 2 7
 3 7
 4 7
 5 8
 6 9
 7 10
 7 11
 7 12
 7 13
 8 14
 8 15
 14 16
 16 17
 16 18
 16 19
 16 20


