# Created by Octave 4.0.0, Thu Jun 02 15:24:30 2016 Ora solare America Sud or. <unknown@ABRGA1LT0000162>
# name: Precedencia4
# type: matrix
# rows: 1127
# columns: 2
 1 190
 2 729
 3 51
 4 173
 5 225
 6 250
 7 794
 8 45
 9 30
 9 42
 11 28
 12 39
 12 50
 12 661
 13 31
 13 33
 13 35
 15 47
 16 37
 16 171
 17 46
 18 43
 18 49
 19 505
 19 607
 20 32
 21 34
 21 41
 22 36
 22 48
 23 44
 23 890
 25 40
 26 29
 26 38
 27 509
 28 190
 29 51
 30 51
 31 51
 32 51
 33 51
 34 51
 35 173
 36 266
 37 250
 38 250
 39 60
 40 61
 42 57
 42 64
 42 65
 43 829
 45 58
 46 59
 46 63
 48 52
 48 54
 48 55
 49 53
 49 56
 49 62
 51 67
 51 68
 51 69
 51 70
 51 71
 51 72
 51 73
 51 74
 51 83
 51 84
 51 88
 52 454
 53 266
 54 266
 55 225
 56 134
 57 250
 59 75
 59 76
 59 77
 59 78
 59 81
 61 87
 62 80
 62 82
 62 90
 63 79
 63 85
 64 66
 65 86
 65 89
 66 308
 67 266
 68 109
 68 110
 69 100
 70 866
 74 107
 75 173
 76 266
 77 250
 78 98
 80 92
 80 101
 82 91
 82 93
 82 99
 83 108
 84 94
 84 106
 85 96
 85 102
 86 95
 86 105
 87 97
 87 103
 89 98
 89 104
 91 769
 92 308
 93 308
 94 729
 95 266
 96 134
 97 134
 98 127
 99 118
 99 126
 100 125
 101 115
 101 117
 101 196
 103 113
 103 114
 103 122
 104 128
 105 116
 106 111
 106 119
 106 124
 107 120
 108 112
 109 121
 110 123
 110 253
 111 134
 112 134
 113 149
 114 139
 114 148
 116 142
 116 143
 118 135
 118 376
 119 130
 119 138
 119 145
 120 136
 120 137
 120 140
 120 147
 121 129
 121 132
 122 146
 124 131
 124 133
 124 141
 126 314
 127 144
 129 190
 130 729
 131 266
 132 266
 133 266
 134 154
 134 155
 134 156
 134 157
 134 158
 135 159
 136 150
 137 162
 137 168
 137 169
 140 153
 140 477
 141 160
 141 167
 142 166
 143 151
 143 165
 145 963
 146 163
 147 152
 147 164
 149 161
 150 936
 151 936
 152 173
 153 225
 154 180
 154 181
 154 189
 156 176
 156 182
 157 737
 160 993
 161 184
 162 185
 164 171
 165 177
 165 186
 165 188
 166 175
 166 183
 167 172
 167 187
 168 170
 168 174
 168 178
 169 179
 170 190
 171 190
 172 729
 173 192
 173 193
 173 194
 173 195
 173 211
 174 266
 175 794
 176 214
 177 202
 178 203
 179 209
 180 196
 180 204
 180 205
 181 210
 182 200
 182 212
 183 207
 184 199
 185 206
 185 632
 186 191
 186 989
 187 198
 187 213
 188 197
 188 208
 189 201
 190 215
 190 216
 190 217
 190 218
 190 219
 190 220
 190 221
 190 222
 191 454
 194 230
 194 434
 195 233
 196 266
 197 225
 198 223
 198 226
 199 224
 200 630
 203 240
 206 231
 207 227
 207 239
 209 229
 209 237
 209 481
 210 234
 210 235
 210 236
 210 649
 213 228
 213 232
 213 238
 215 250
 216 254
 216 258
 217 259
 217 341
 219 243
 220 868
 221 251
 221 252
 222 263
 223 729
 224 729
 225 244
 225 245
 225 246
 225 247
 225 248
 225 249
 228 241
 228 255
 228 260
 230 435
 232 256
 233 242
 233 253
 234 261
 236 257
 240 262
 241 266
 242 266
 243 266
 244 280
 244 881
 247 275
 250 267
 250 268
 250 269
 250 270
 250 271
 250 272
 250 273
 250 274
 250 857
 251 278
 252 779
 255 264
 255 265
 256 281
 256 282
 259 276
 259 283
 261 279
 261 284
 263 277
 264 308
 265 729
 266 287
 266 288
 266 289
 266 290
 266 291
 266 292
 266 293
 266 294
 266 295
 266 298
 266 305
 268 306
 269 297
 272 302
 273 300
 273 303
 274 304
 276 307
 276 537
 277 296
 278 286
 280 732
 281 285
 281 299
 282 993
 284 301
 285 308
 286 308
 287 317
 287 319
 287 323
 288 313
 288 321
 289 325
 294 320
 295 315
 295 590
 296 322
 299 674
 300 309
 300 314
 300 316
 303 310
 303 324
 304 312
 304 318
 305 311
 308 326
 308 327
 308 328
 308 329
 308 330
 308 331
 308 332
 308 333
 308 334
 309 794
 310 344
 311 335
 311 340
 311 349
 312 343
 313 337
 314 347
 316 867
 317 336
 317 341
 317 345
 317 416
 318 350
 320 351
 321 339
 321 342
 321 567
 324 348
 324 424
 325 338
 325 346
 327 357
 329 366
 330 362
 330 852
 332 359
 332 367
 332 368
 333 355
 333 363
 333 365
 333 692
 334 419
 334 479
 335 454
 336 360
 339 354
 339 364
 339 365
 341 356
 341 369
 342 352
 346 361
 346 647
 347 353
 347 427
 350 358
 352 935
 353 935
 354 372
 356 382
 357 376
 359 656
 360 374
 361 383
 363 379
 364 384
 365 385
 367 370
 367 377
 367 381
 368 371
 368 375
 368 378
 368 386
 369 373
 369 380
 370 936
 371 454
 372 401
 373 388
 374 395
 374 396
 374 405
 375 404
 378 387
 378 403
 379 398
 379 406
 381 394
 381 400
 382 443
 383 390
 383 402
 384 389
 384 391
 384 397
 384 403
 385 399
 386 392
 386 393
 387 420
 387 424
 388 557
 389 407
 392 415
 393 418
 394 408
 394 409
 396 414
 396 423
 397 421
 398 411
 398 413
 399 417
 399 468
 400 410
 400 968
 402 422
 402 765
 403 412
 403 416
 405 425
 406 419
 409 437
 409 438
 409 439
 411 432
 412 433
 413 427
 415 435
 416 426
 416 429
 417 433
 418 436
 419 428
 420 434
 423 431
 424 430
 426 454
 427 892
 428 447
 428 451
 431 443
 431 816
 432 446
 433 445
 434 452
 435 449
 436 440
 436 448
 438 441
 438 444
 438 450
 439 442
 439 453
 440 454
 441 456
 441 459
 443 455
 444 464
 446 457
 446 465
 448 463
 448 467
 449 466
 451 462
 451 993
 452 461
 453 458
 453 460
 454 469
 454 470
 454 471
 454 472
 455 479
 455 481
 456 475
 458 473
 458 480
 459 474
 459 477
 461 478
 465 468
 465 476
 465 482
 468 729
 469 892
 470 485
 470 488
 472 490
 472 498
 473 484
 475 489
 476 487
 476 501
 478 492
 478 496
 479 486
 479 493
 479 497
 480 483
 480 491
 480 494
 480 499
 481 500
 482 495
 483 516
 484 512
 485 506
 485 515
 488 507
 492 502
 493 508
 495 510
 497 504
 497 509
 497 517
 500 505
 500 511
 500 513
 500 514
 501 503
 502 522
 503 525
 504 521
 504 527
 505 884
 507 526
 509 533
 510 518
 510 531
 510 532
 512 520
 512 523
 514 528
 514 529
 514 530
 514 532
 515 519
 516 524
 518 794
 520 551
 521 537
 521 538
 521 545
 522 555
 524 536
 524 548
 524 549
 524 552
 526 550
 527 544
 529 534
 529 543
 530 540
 530 546
 530 547
 531 541
 531 554
 532 539
 532 553
 533 535
 533 542
 534 794
 538 568
 538 571
 545 569
 545 572
 546 574
 546 589
 547 559
 547 562
 547 567
 547 573
 548 557
 548 558
 551 556
 551 566
 553 560
 554 561
 554 563
 554 670
 555 564
 555 565
 555 570
 556 590
 557 589
 560 576
 562 586
 563 583
 564 579
 565 580
 565 581
 565 582
 566 575
 566 588
 567 587
 568 578
 571 577
 571 585
 574 584
 576 599
 578 593
 579 603
 580 609
 581 596
 584 606
 585 604
 585 607
 586 592
 586 597
 586 602
 587 591
 587 608
 588 594
 588 595
 588 601
 589 598
 589 600
 589 605
 590 612
 593 610
 593 616
 594 622
 596 611
 596 621
 597 620
 598 619
 602 618
 607 614
 608 615
 609 612
 609 613
 609 617
 610 729
 611 632
 612 626
 612 630
 613 629
 615 627
 615 631
 615 635
 616 624
 616 634
 618 623
 619 633
 619 637
 620 625
 620 628
 621 636
 623 936
 624 936
 625 644
 625 731
 626 648
 627 638
 628 654
 629 646
 629 650
 629 651
 629 653
 631 643
 632 640
 632 647
 633 639
 634 649
 635 641
 635 645
 635 652
 636 642
 638 661
 639 669
 641 655
 641 656
 641 658
 644 660
 648 663
 650 657
 650 659
 650 665
 650 667
 651 666
 652 664
 652 668
 653 662
 655 936
 656 683
 656 691
 657 674
 657 681
 658 671
 658 673
 659 684
 659 690
 661 676
 661 687
 662 682
 663 678
 663 679
 663 685
 666 672
 667 677
 667 680
 668 688
 669 670
 669 675
 669 686
 669 689
 670 729
 671 794
 672 707
 672 709
 672 710
 673 708
 674 711
 675 701
 677 702
 679 700
 679 712
 680 693
 680 706
 681 704
 681 705
 682 698
 685 694
 685 695
 686 692
 686 697
 688 930
 689 699
 690 696
 690 703
 692 769
 693 769
 694 936
 695 729
 697 717
 697 722
 698 725
 699 713
 700 727
 701 724
 704 716
 704 719
 704 816
 705 718
 705 720
 705 726
 705 728
 706 714
 706 715
 708 721
 708 723
 709 779
 713 769
 714 729
 715 729
 716 741
 716 742
 718 731
 719 746
 720 735
 721 745
 722 733
 723 730
 723 740
 724 734
 725 738
 726 737
 726 744
 726 747
 727 736
 728 732
 728 739
 728 743
 729 749
 729 750
 729 751
 729 752
 729 757
 730 761
 731 756
 732 765
 733 753
 735 762
 737 758
 739 763
 739 764
 739 766
 740 760
 742 768
 743 767
 745 820
 746 748
 746 755
 747 754
 747 759
 748 769
 750 770
 750 774
 750 775
 750 784
 751 778
 752 787
