# Created by Octave 4.0.0, Thu Jun 02 15:33:05 2016 Ora solare America Sud or. <unknown@ABRGA1LT0000162>
# name: TemposDasTarefas1_4
# type: matrix
# rows: 20
# columns: 7
 1 504 8 1 1 1 0
 2 472 3 1 1 1 1
 3 532 5 0 1 1 0
 4 519 6 0 0 0 1
 5 315 5 1 1 1 1
 6 330 2 1 0 0 1
 7 651 6 0 1 0 1
 8 534 8 0 1 1 1
 9 618 2 0 0 0 1
 10 351 3 1 1 0 0
 11 561 7 1 0 0 0
 12 556 8 0 1 1 0
 13 527 5 1 0 0 0
 14 459 6 1 0 0 0
 15 459 1 0 0 1 1
 16 414 6 1 1 0 1
 17 550 0 0 1 0 0
 18 363 2 0 0 1 0
 19 809 2 1 1 0 1
 20 586 5 1 0 0 1


