# Created by Octave 4.0.0, Thu Jun 02 15:33:16 2016 Ora solare America Sud or. <unknown@ABRGA1LT0000162>
# name: TemposDasTarefas3_4
# type: matrix
# rows: 100
# columns: 7
 1 128 8 1 1 1 1
 2 282 1 0 0 1 1
 3 113 0 1 1 1 0
 4 28 6 0 1 0 0
 5 97 1 1 1 1 1
 6 144 8 1 1 0 0
 7 310 3 0 0 1 1
 8 31 2 0 0 1 1
 9 159 7 0 0 1 0
 10 104 0 1 1 0 0
 11 181 8 0 1 0 1
 12 29 0 0 0 0 1
 13 59 7 1 1 1 0
 14 107 6 0 0 1 1
 15 105 2 1 0 1 1
 16 132 1 1 1 1 1
 17 85 6 0 1 1 0
 18 231 0 1 0 1 0
 19 83 7 1 1 0 0
 20 177 7 1 1 1 1
 21 340 7 0 0 0 1
 22 144 7 0 1 0 0
 23 79 5 0 1 0 0
 24 164 0 1 0 1 1
 25 65 3 1 0 0 1
 26 317 3 0 1 1 1
 27 92 1 1 0 0 0
 28 185 3 1 1 1 1
 29 215 1 0 1 1 0
 30 85 5 0 1 0 1
 31 159 6 1 0 1 0
 32 282 1 1 0 0 1
 33 75 8 1 1 0 0
 34 136 1 1 0 0 1
 35 222 2 1 1 1 1
 36 186 1 0 1 1 0
 37 235 5 0 1 1 0
 38 74 5 1 1 0 1
 39 104 3 1 0 0 0
 40 218 0 0 0 1 1
 41 262 6 1 0 1 0
 42 89 2 1 0 0 0
 43 51 2 1 0 1 1
 44 52 2 0 1 1 0
 45 276 5 0 1 1 1
 46 99 7 1 1 0 1
 47 278 1 0 1 1 1
 48 97 8 0 0 1 1
 49 123 2 1 0 0 0
 50 300 8 1 1 1 0
 51 46 2 1 1 0 1
 52 63 7 1 1 0 0
 53 258 8 1 1 1 0
 54 41 1 1 1 0 0
 55 223 1 1 0 0 0
 56 58 7 0 0 1 1
 57 122 1 1 1 0 1
 58 173 3 0 1 1 1
 59 131 6 1 0 1 1
 60 143 0 0 0 0 1
 61 104 0 1 0 0 0
 62 164 0 0 0 1 1
 63 106 7 1 1 0 0
 64 194 8 0 0 0 1
 65 129 5 1 1 0 0
 66 142 8 1 1 0 1
 67 97 8 1 0 1 1
 68 167 3 1 1 0 0
 69 40 1 1 0 0 0
 70 159 8 1 0 1 0
 71 27 5 1 0 0 0
 72 177 0 0 0 0 1
 73 73 0 1 0 1 1
 74 141 5 1 1 1 0
 75 113 2 0 0 1 1
 76 48 8 1 0 1 0
 77 88 7 0 1 0 0
 78 121 6 1 1 1 1
 79 281 3 0 0 0 1
 80 60 8 0 0 1 1
 81 241 3 0 1 0 1
 82 135 6 0 1 1 1
 83 31 1 1 1 0 0
 84 289 0 1 0 1 1
 85 27 2 0 0 0 1
 86 230 8 1 1 0 0
 87 115 1 1 0 1 1
 88 187 5 0 1 0 0
 89 21 7 1 0 1 1
 90 111 3 1 1 1 1
 91 23 8 1 0 1 0
 92 209 4 1 0 1 1
 93 107 5 0 0 0 1
 94 220 6 0 0 0 1
 95 241 1 1 0 1 1
 96 275 6 0 1 0 0
 97 143 7 1 0 0 0
 98 198 7 1 0 0 0
 99 189 5 1 0 0 0
 100 218 7 0 0 0 1


