# Created by Octave 4.0.0, Thu Jun 02 15:33:47 2016 Ora solare America Sud or. <unknown@ABRGA1LT0000162>
# name: TemposDasTarefas3_50
# type: matrix
# rows: 100
# columns: 53
 1 128 8 0 1 0 0 1 0 1 1 1 1 1 0 1 1 1 0 1 1 0 0 0 0 0 0 1 0 0 1 0 0 0 1 1 0 0 0 0 0 0 1 1 1 0 1 1 0 0 0 1 1
 2 282 1 0 0 0 0 0 1 1 0 0 1 0 1 1 0 1 0 1 1 1 0 1 0 1 0 1 0 0 0 1 0 0 0 1 0 1 1 0 1 1 0 1 0 0 0 1 1 1 1 0 1
 3 113 0 0 1 0 0 0 1 1 0 0 0 0 0 0 1 0 0 0 1 1 0 0 1 1 0 0 1 0 0 1 0 0 1 0 1 1 1 0 1 1 1 1 0 0 1 0 1 1 1 1 0
 4 28 6 0 1 1 0 1 1 0 1 0 1 0 0 1 0 0 0 0 1 0 0 1 1 1 0 0 0 0 0 1 1 1 0 0 0 1 0 1 0 0 1 1 0 0 1 1 0 1 1 1 0
 5 97 1 0 0 1 0 1 1 1 0 0 0 0 1 1 1 0 1 1 0 0 1 0 1 1 0 0 1 1 0 1 1 1 1 0 1 1 1 0 1 0 0 0 0 1 0 1 1 1 0 0 0
 6 144 8 0 1 0 1 0 1 1 1 1 0 1 1 1 0 0 0 1 1 0 0 1 0 0 0 0 1 0 1 1 1 1 0 1 0 0 1 0 1 1 1 1 1 1 0 1 1 0 1 0 0
 7 310 3 1 1 0 0 1 0 1 0 1 0 0 1 0 0 0 1 1 0 1 1 1 1 0 1 1 1 1 1 0 0 0 1 1 1 0 0 0 1 0 0 1 1 1 1 1 0 0 1 0 0
 8 31 2 0 0 1 0 0 1 0 0 1 0 1 1 1 1 1 0 1 0 1 0 0 0 0 1 1 1 1 0 0 1 0 1 0 1 0 1 1 1 0 1 0 0 0 0 1 0 1 0 1 1
 9 159 7 0 1 1 1 1 1 0 1 0 1 1 1 0 0 1 1 0 0 1 0 0 1 0 0 1 0 1 1 0 0 1 1 0 0 1 0 0 1 1 1 1 0 0 1 0 1 1 0 1 1
 10 104 0 1 1 1 1 1 1 0 0 0 1 0 1 1 0 1 0 1 1 1 1 0 0 1 0 0 0 0 0 1 1 0 0 0 0 1 0 1 1 1 0 0 1 1 0 0 0 0 0 1 1
 11 181 8 0 0 0 1 1 0 0 0 0 0 0 0 1 1 1 1 0 0 0 1 1 0 1 0 1 1 1 1 0 0 1 0 0 0 0 1 0 0 1 0 0 0 0 1 0 1 1 0 0 0
 12 29 0 0 1 1 0 0 1 0 0 1 1 0 0 0 0 0 1 0 0 0 0 1 0 1 1 0 0 0 1 0 1 1 0 0 0 0 0 1 1 0 0 0 0 1 1 0 0 1 1 0 0
 13 59 7 0 1 0 1 0 0 0 1 0 0 0 1 0 0 1 1 0 1 1 0 0 1 0 0 1 1 0 1 0 0 1 0 0 1 0 1 1 0 1 1 0 1 1 0 0 1 1 1 0 0
 14 107 6 1 0 1 0 1 1 0 1 0 0 0 0 1 1 1 0 0 0 0 1 1 0 0 0 1 0 0 0 1 1 0 0 0 1 1 0 1 1 1 0 1 0 1 0 0 1 0 1 1 0
 15 105 2 0 0 0 1 1 0 0 0 1 1 1 0 1 1 1 0 1 1 0 1 1 0 0 1 0 1 0 1 0 0 1 0 1 0 0 1 0 1 0 0 0 1 0 1 0 1 0 1 0 0
 16 132 1 0 1 1 0 1 0 1 1 1 0 0 1 0 1 1 1 1 0 0 1 1 1 1 1 1 0 1 1 1 0 0 0 1 0 1 0 0 0 1 0 0 1 0 1 1 0 0 0 0 0
 17 85 6 0 1 1 0 1 1 1 0 0 0 0 1 1 1 1 1 1 1 0 1 1 0 1 1 1 0 1 0 0 1 1 1 1 1 1 0 1 1 0 0 0 1 1 1 1 1 0 1 1 0
 18 231 0 1 0 0 0 0 0 0 1 1 1 1 0 1 1 0 0 1 0 0 1 0 1 0 1 1 1 0 0 1 1 0 1 0 0 1 1 0 0 1 0 0 1 0 0 0 1 1 0 0 0
 19 83 7 1 0 1 1 1 0 1 0 0 1 1 0 1 1 0 1 0 0 1 0 0 1 0 1 0 1 1 1 1 0 1 0 1 1 0 0 0 0 1 1 0 1 0 1 0 1 0 0 0 0
 20 177 7 1 1 1 1 1 1 1 0 0 1 0 0 1 1 1 0 0 1 1 0 0 1 0 1 0 0 0 1 1 1 0 1 0 1 1 0 0 0 1 0 0 0 1 1 0 0 0 0 1 0
 21 340 7 0 0 0 1 1 0 0 0 0 0 0 0 1 0 0 0 0 1 0 0 1 0 1 0 1 1 1 0 0 0 0 0 1 1 1 1 1 0 1 0 0 1 0 1 1 0 1 1 1 0
 22 144 7 0 1 0 0 0 1 0 1 0 1 0 1 0 0 0 1 1 0 0 0 0 0 1 0 1 1 0 0 1 1 1 1 0 0 1 0 0 0 1 0 0 0 1 1 1 0 1 1 0 1
 23 79 5 0 1 1 0 1 0 1 1 0 1 1 0 0 1 1 0 0 0 0 1 0 0 1 0 0 0 0 0 0 0 0 1 0 1 0 0 0 1 1 0 0 0 1 0 1 1 1 0 1 0
 24 164 0 1 0 0 1 1 0 0 1 1 0 1 0 0 1 0 1 1 1 0 0 1 0 1 0 0 0 1 0 0 0 1 1 1 1 1 0 1 1 1 0 1 1 0 1 0 0 0 1 0 1
 25 65 3 1 0 1 0 1 0 0 0 1 1 0 1 0 1 0 0 0 0 1 0 0 0 1 1 0 1 0 1 1 0 0 0 1 0 0 0 1 1 1 1 0 0 1 1 1 0 1 1 1 0
 26 317 3 1 0 0 0 0 1 1 1 0 0 0 0 0 1 1 1 0 0 1 1 1 1 1 1 0 0 1 0 0 0 1 0 0 1 0 1 0 0 1 0 0 1 0 1 0 1 1 1 0 1
 27 92 1 1 0 1 0 0 0 0 0 1 0 1 0 0 0 1 1 0 1 0 1 0 1 1 0 0 1 0 1 0 0 1 1 1 0 0 1 1 0 0 0 1 1 1 1 1 0 1 1 0 0
 28 185 3 1 1 0 0 1 0 0 0 1 0 0 1 1 0 0 1 0 0 0 0 1 0 0 0 1 0 1 0 1 0 0 1 0 0 0 1 0 1 1 1 0 0 1 0 0 1 1 1 1 0
 29 215 1 1 1 0 0 1 0 0 1 0 0 0 0 0 0 1 0 1 0 0 0 0 1 0 1 0 1 1 1 0 0 0 0 0 1 1 0 1 0 0 0 1 1 1 0 0 0 0 1 0 0
 30 85 5 1 0 1 1 1 1 1 0 1 1 1 0 1 1 0 0 1 0 0 1 0 0 1 0 0 0 0 0 0 0 0 0 1 1 1 0 0 1 1 1 1 1 0 1 1 0 1 1 1 0
 31 159 6 1 0 1 0 0 0 0 1 0 1 0 0 1 0 0 1 0 1 0 1 1 0 0 0 0 1 1 1 0 1 0 1 0 1 0 0 0 1 1 1 1 0 1 0 0 1 1 0 1 0
 32 282 1 1 1 0 1 1 1 0 0 0 0 0 1 0 0 1 0 0 0 0 0 0 1 1 0 0 1 1 0 0 1 0 0 1 0 0 1 1 1 1 0 1 1 1 0 1 0 0 0 0 0
 33 75 8 0 1 1 0 1 0 1 0 1 0 1 0 1 1 0 1 1 1 0 1 1 0 1 0 0 0 1 0 1 1 1 1 1 1 1 0 1 0 1 1 0 1 0 0 0 0 1 1 0 0
 34 136 1 0 1 0 0 0 0 1 1 1 1 1 0 0 1 1 0 1 1 0 0 1 1 1 1 1 1 0 0 0 0 1 1 1 0 1 1 0 0 1 1 1 0 1 1 1 0 1 1 1 0
 35 222 2 1 1 1 0 1 0 0 0 1 0 0 0 1 0 1 0 1 1 0 1 0 1 1 1 0 0 1 1 1 0 0 1 0 1 0 1 0 1 1 1 0 0 1 0 0 0 1 0 0 0
 36 186 1 1 1 0 1 0 0 1 0 0 0 0 0 1 0 0 1 1 1 1 1 1 1 1 0 0 1 1 0 0 1 0 1 1 0 0 0 0 1 1 1 1 1 0 1 1 1 0 0 0 0
 37 235 5 1 0 1 1 0 0 1 1 1 1 1 0 1 0 1 1 1 1 1 1 0 1 0 1 1 1 0 0 1 0 1 1 1 1 1 1 1 1 0 1 1 0 0 0 1 1 0 0 0 1
 38 74 5 0 1 1 0 0 0 1 1 0 0 0 0 0 0 0 1 1 1 0 0 0 1 1 0 1 1 0 0 0 0 1 1 1 0 1 1 0 0 1 1 0 1 1 1 1 0 1 0 1 1
 39 104 3 1 1 1 1 0 0 1 1 1 0 0 1 1 1 0 1 0 0 1 0 1 0 1 0 1 0 1 0 1 0 1 0 0 1 1 0 0 1 1 1 1 1 0 1 0 0 0 0 0 0
 40 218 0 0 0 0 0 0 0 0 1 1 0 1 0 0 0 1 0 1 0 0 1 0 1 0 0 1 0 1 0 0 1 1 0 0 0 1 0 0 0 1 0 0 1 1 1 1 0 1 1 1 1
 41 262 6 0 1 0 0 1 1 0 1 1 1 1 0 1 0 0 0 1 0 0 0 1 0 1 0 0 1 1 1 0 0 1 1 0 0 1 0 1 0 0 1 1 1 1 1 0 0 1 0 0 1
 42 89 2 0 1 1 0 0 0 0 0 1 0 1 0 0 1 0 1 0 0 0 1 0 1 0 0 0 1 0 0 0 0 1 0 1 0 0 1 0 0 0 0 1 1 0 0 1 0 0 1 0 0
 43 51 2 0 1 0 1 0 0 0 0 1 1 0 0 1 0 1 0 0 1 1 0 0 1 0 1 1 1 0 1 1 0 1 1 1 0 1 1 0 0 1 0 0 1 1 0 1 0 1 0 0 0
 44 52 2 1 1 0 1 1 1 0 1 0 0 0 1 1 1 1 1 0 0 0 0 1 1 0 1 1 1 1 0 0 1 0 0 0 0 0 1 0 0 1 1 1 1 0 1 1 0 0 0 0 0
 45 276 5 1 0 1 1 1 1 1 0 0 1 0 1 0 0 0 1 0 1 0 0 1 0 0 0 1 1 1 0 1 1 1 1 0 0 1 1 1 1 0 1 0 1 1 0 0 0 1 0 1 1
 46 99 7 0 1 0 1 0 1 1 1 0 0 1 1 1 0 0 0 0 1 1 1 1 1 1 0 1 0 1 1 1 1 1 0 1 1 1 0 1 1 1 0 1 0 0 1 0 1 0 1 1 1
 47 278 1 1 1 1 1 1 1 1 1 1 1 1 1 1 1 1 1 1 1 1 1 1 0 0 0 1 0 1 0 0 0 1 1 0 0 0 1 1 1 0 1 1 1 1 1 0 0 0 0 1 0
 48 97 8 0 1 0 1 0 0 0 1 0 0 0 1 1 0 0 0 0 0 1 1 1 1 1 0 1 0 1 1 0 1 0 0 1 0 1 1 0 1 0 0 0 0 0 1 1 0 1 0 0 1
 49 123 2 1 1 0 0 1 0 0 0 0 1 0 0 0 1 1 0 0 0 1 0 0 0 1 0 1 0 0 1 1 1 0 1 0 0 0 0 0 1 0 0 0 1 0 1 1 0 0 0 0 0
 50 300 8 1 0 1 1 1 1 1 1 1 1 0 1 1 0 0 1 1 0 1 0 1 0 1 1 1 1 1 0 1 1 0 0 1 1 1 1 1 0 0 1 0 1 0 0 0 1 1 1 0 0
 51 46 2 0 0 1 1 1 1 0 1 0 0 1 1 0 1 0 0 1 0 0 1 0 0 0 0 1 1 0 1 0 1 1 1 1 0 1 1 0 0 1 0 1 1 1 0 1 1 1 1 0 0
 52 63 7 1 1 0 0 0 0 0 0 0 1 1 0 0 1 1 1 1 1 1 0 1 1 0 1 0 0 0 0 1 1 0 0 1 0 1 1 0 0 1 0 0 0 0 0 1 1 1 1 1 0
 53 258 8 0 0 0 0 1 0 0 0 0 0 1 1 0 0 1 1 1 0 1 1 1 1 0 0 0 0 0 1 0 1 1 0 0 1 0 1 1 1 0 1 0 1 0 1 0 1 1 0 0 1
 54 41 1 1 0 1 1 0 1 0 1 0 0 0 0 1 1 0 1 0 1 1 1 1 0 1 1 1 0 1 1 1 1 0 1 1 1 1 0 1 0 1 0 0 1 1 1 0 0 0 0 0 0
 55 223 1 1 0 0 0 1 0 1 1 1 0 0 0 0 0 0 1 0 0 1 0 0 0 1 0 1 0 0 0 0 0 1 0 0 1 0 0 1 0 0 1 0 0 1 1 1 0 1 0 1 0
 56 58 7 0 1 1 0 1 1 0 1 1 1 0 1 0 1 0 0 1 1 0 1 0 0 0 0 0 1 1 0 1 0 1 0 0 0 0 1 0 1 1 0 1 1 0 0 1 1 1 1 0 1
 57 122 1 1 0 1 1 0 1 1 0 1 1 0 1 1 0 0 1 0 1 0 0 1 1 0 1 0 1 0 0 0 0 1 0 1 0 0 0 1 1 0 1 1 1 0 1 1 0 0 1 0 0
 58 173 3 0 0 0 0 0 1 0 1 1 0 0 1 1 1 0 0 0 1 0 0 1 0 1 1 1 0 1 1 0 1 1 1 1 1 0 0 1 1 0 1 0 1 1 0 0 1 1 1 0 1
 59 131 6 1 1 0 1 0 0 1 0 0 0 1 0 1 0 0 0 1 1 0 1 1 1 1 1 1 1 1 1 1 1 0 0 0 1 0 1 0 0 1 1 1 0 0 1 0 0 1 1 0 0
 60 143 0 0 1 1 0 0 1 1 0 0 0 0 1 0 0 1 0 0 0 1 0 0 1 0 0 1 0 0 0 0 0 1 0 0 0 0 1 1 1 0 1 1 1 1 1 0 0 0 1 0 1
 61 104 0 1 0 0 1 1 0 0 1 0 0 1 0 0 1 1 0 1 0 1 1 0 0 1 1 1 1 1 1 0 1 1 1 1 0 0 1 0 1 0 1 1 1 0 1 1 0 1 0 1 1
 62 164 0 0 1 1 1 0 0 1 0 1 1 1 0 1 1 1 0 1 0 1 1 1 0 1 1 0 1 0 0 1 0 1 0 1 0 0 1 0 1 1 0 0 0 0 1 0 1 1 0 1 1
 63 106 7 0 0 1 1 1 0 0 0 1 1 1 0 1 0 1 1 0 1 1 1 0 0 1 0 0 1 1 0 0 1 0 1 0 1 1 0 1 0 0 1 0 0 1 1 0 1 0 1 1 0
 64 194 8 1 0 1 1 0 1 1 0 1 1 0 1 0 1 1 1 1 1 0 0 1 0 0 1 1 0 0 1 0 0 0 0 1 1 0 0 0 0 1 1 1 1 1 0 1 1 0 0 1 0
 65 129 5 0 0 0 1 1 0 0 0 0 0 1 0 0 0 0 0 0 1 1 1 0 1 0 0 1 1 1 1 1 0 0 1 0 0 1 0 1 0 0 1 0 1 1 1 1 1 1 0 1 1
 66 142 8 1 0 1 0 1 0 1 1 0 1 1 1 1 0 0 1 0 0 0 0 1 1 0 1 1 0 0 1 0 1 0 1 0 1 0 1 0 1 1 0 0 1 0 1 0 0 0 1 0 1
 67 97 8 1 1 1 1 1 1 0 0 1 1 1 0 0 1 1 1 1 1 1 1 0 0 1 0 0 1 1 0 0 1 1 1 1 1 0 0 1 0 0 1 1 1 0 1 1 0 1 1 1 1
 68 167 3 0 0 0 0 1 0 1 1 0 1 0 0 0 0 0 1 1 1 0 1 0 1 0 0 1 1 1 0 1 0 0 1 0 1 1 0 0 1 1 1 0 1 0 0 0 0 1 0 0 1
 69 40 1 1 1 1 0 1 0 1 1 0 0 1 1 0 1 1 0 0 1 1 1 0 1 0 1 0 0 0 0 0 1 1 1 0 1 1 1 0 1 0 0 0 1 0 1 0 1 1 1 0 0
 70 159 8 1 1 1 1 1 0 0 1 1 0 0 0 1 0 1 0 0 1 1 1 0 1 1 0 1 1 1 1 0 0 0 0 1 1 0 1 1 0 0 1 0 1 1 0 1 1 0 0 0 1
 71 27 5 1 1 0 0 0 0 1 1 1 1 0 0 0 0 0 1 1 1 0 1 1 0 0 0 1 1 0 0 0 0 0 0 1 0 1 1 0 1 0 1 1 1 0 1 0 0 0 0 1 1
