# Created by Octave 4.0.0, Thu Jun 02 15:33:22 2016 Ora solare America Sud or. <unknown@ABRGA1LT0000162>
# name: TemposDasTarefas4_4
# type: matrix
# rows: 1000
# columns: 7
 1 169 2 1 1 1 1
 2 505 1 0 0 1 0
 3 332 5 1 0 0 0
 4 535 3 1 0 0 0
 5 177 1 0 1 0 1
 6 56 1 1 1 1 0
 7 465 6 0 1 0 0
 8 132 6 1 0 0 0
 9 316 5 1 1 0 0
 10 525 1 0 0 0 1
 11 181 7 0 0 1 1
 12 37 8 1 1 0 0
 13 518 3 0 1 0 0
 14 235 6 0 0 0 1
 15 200 5 0 1 1 1
 16 539 3 1 1 1 1
 17 231 3 1 1 1 1
 18 74 5 1 1 1 1
 19 322 1 0 1 0 0
 20 90 2 0 1 0 1
 21 131 5 1 1 0 0
 22 220 5 1 0 0 0
 23 246 8 1 1 1 0
 24 281 6 0 0 1 0
 25 328 0 1 0 1 0
 26 65 5 1 0 1 0
 27 38 0 1 1 1 0
 28 97 2 1 0 0 1
 29 491 8 0 1 0 1
 30 22 5 0 1 1 0
 31 288 3 1 1 1 1
 32 252 6 1 0 1 1
 33 522 8 1 1 1 1
 34 259 7 1 0 0 0
 35 141 0 0 1 0 0
 36 553 6 1 0 0 1
 37 166 2 0 1 1 0
 38 114 3 1 0 0 1
 39 358 2 1 1 0 0
 40 201 3 0 0 0 1
 41 511 2 1 0 1 0
 42 579 2 0 1 0 1
 43 156 5 1 1 1 1
 44 138 8 0 0 0 1
 45 35 0 1 1 1 0
 46 158 2 0 0 1 1
 47 171 5 0 0 1 0
 48 36 2 0 1 1 0
 49 282 1 1 0 1 1
 50 563 8 0 0 0 1
 51 402 0 1 1 0 0
 52 225 3 0 1 0 1
 53 202 1 0 1 1 0
 54 305 6 1 0 1 0
 55 551 3 0 0 0 1
 56 246 1 1 1 1 1
 57 540 2 1 0 1 0
 58 471 0 1 1 0 1
 59 205 0 0 1 0 1
 60 67 2 1 1 0 0
 61 435 8 1 1 0 1
 62 77 2 1 1 1 1
 63 243 0 0 1 0 0
 64 209 7 0 0 1 1
 65 31 3 1 1 0 1
 66 89 5 1 0 0 1
 67 175 3 0 1 1 1
 68 201 1 1 0 0 0
 69 40 3 1 0 0 0
 70 46 8 0 0 0 1
 71 202 0 1 1 1 1
 72 168 0 0 0 1 0
 73 21 3 0 1 1 1
 74 111 3 0 0 1 0
 75 155 6 0 0 1 0
 76 206 7 1 0 1 0
 77 147 7 0 1 1 0
 78 511 8 1 1 1 0
 79 188 1 0 1 0 0
 80 457 6 0 0 0 1
 81 88 0 1 1 0 1
 82 124 3 1 1 1 0
 83 194 2 0 0 1 1
 84 254 8 1 0 1 0
 85 193 8 0 1 0 0
 86 275 7 0 1 0 1
 87 169 1 0 1 0 0
 88 381 5 1 0 1 0
 89 267 7 1 0 0 0
 90 247 1 1 0 1 0
 91 396 1 0 0 1 1
 92 133 3 0 0 1 0
 93 22 3 0 0 1 0
 94 123 1 1 0 1 1
 95 140 6 0 0 1 1
 96 439 3 1 1 0 0
 97 22 3 1 0 0 0
 98 72 6 0 0 0 1
 99 421 6 1 1 1 0
 100 135 2 0 0 1 0
 101 496 2 0 0 1 1
 102 152 1 0 0 1 1
 103 84 3 0 1 1 1
 104 75 2 0 1 0 1
 105 197 2 0 0 0 1
 106 180 7 0 0 1 1
 107 138 5 0 0 1 0
 108 62 2 0 1 0 1
 109 531 7 0 0 1 0
 110 102 8 1 0 1 1
 111 49 1 0 1 1 1
 112 37 7 1 0 0 0
 113 554 5 1 1 0 0
 114 124 5 1 1 1 1
 115 527 6 1 0 1 1
 116 158 0 0 1 1 1
 117 252 5 1 0 0 0
 118 332 1 0 1 1 1
 119 149 8 1 0 0 1
 120 163 8 0 1 1 0
 121 230 3 1 1 0 1
 122 248 6 0 0 1 1
 123 216 1 1 1 0 1
 124 135 7 0 1 1 0
 125 29 6 1 1 0 1
 126 184 0 1 0 0 0
 127 48 2 0 0 1 1
 128 83 1 0 0 1 1
 129 176 7 0 1 1 0
 130 220 2 1 0 0 1
 131 200 8 1 0 0 0
 132 153 2 0 0 0 1
 133 464 5 0 1 1 0
 134 89 7 0 0 1 1
 135 109 7 1 1 1 0
 136 297 6 1 0 1 0
 137 236 0 0 1 1 1
 138 220 0 1 0 1 0
 139 246 0 1 1 0 0
 140 107 5 1 0 0 1
 141 118 1 0 1 0 0
 142 410 5 0 1 1 1
 143 142 6 0 1 1 0
 144 69 0 0 0 1 0
 145 393 2 0 1 1 0
 146 313 1 0 1 1 0
 147 249 3 0 1 1 0
 148 141 6 1 0 1 0
 149 233 0 1 1 1 1
 150 515 1 0 1 0 1
 151 259 0 0 0 1 0
 152 47 7 1 0 0 0
 153 446 2 1 0 0 1
 154 462 1 1 1 0 1
 155 531 6 1 1 1 0
 156 34 2 1 0 0 0
 157 80 2 0 0 1 0
 158 544 3 0 0 0 1
 159 468 1 1 1 1 0
 160 181 2 0 1 1 1
 161 158 5 1 1 1 1
 162 93 6 0 0 1 0
 163 160 6 0 0 0 1
 164 106 7 1 0 0 1
 165 63 1 0 1 1 0
 166 494 6 1 1 1 1
 167 300 6 1 0 1 1
 168 204 7 0 1 0 0
 169 87 3 1 1 0 0
 170 394 1 0 1 1 0
 171 487 8 1 0 0 1
 172 208 7 1 1 1 0
 173 513 7 0 0 1 0
 174 257 8 1 0 0 0
 175 339 7 0 0 0 1
 176 559 7 1 0 0 0
 177 27 7 1 1 1 1
 178 515 0 0 0 1 0
 179 261 1 0 1 0 0
 180 23 7 1 0 0 1
 181 589 0 1 0 1 1
 182 334 6 1 0 0 0
 183 158 0 1 0 0 0
 184 143 0 1 1 1 0
 185 242 1 0 1 1 1
 186 53 6 1 0 0 1
 187 27 6 1 1 1 0
 188 41 0 1 1 1 1
 189 244 5 0 1 1 1
 190 67 5 1 0 1 1
 191 77 6 1 0 0 0
 192 360 8 1 0 1 0
 193 381 3 0 1 1 0
 194 346 3 1 1 0 1
 195 114 2 1 1 1 0
 196 189 8 0 1 1 0
 197 117 3 1 1 1 0
 198 136 8 0 0 1 1
 199 94 8 1 1 0 0
 200 522 0 0 0 1 0
 201 57 8 1 1 0 1
 202 54 6 1 0 1 1
 203 66 3 1 1 1 1
 204 80 7 1 1 0 1
 205 104 7 1 1 1 0
 206 122 3 0 0 0 1
 207 532 8 1 1 1 0
 208 451 8 1 1 0 0
 209 108 6 0 0 1 0
 210 220 7 0 0 1 0
 211 130 0 1 0 1 1
 212 223 5 0 1 1 1
 213 80 0 0 0 1 1
 214 215 3 1 0 0 0
 215 536 6 1 1 1 0
 216 575 3 0 1 0 0
 217 72 1 0 1 0 0
 218 484 6 1 0 0 1
 219 376 2 0 1 1 1
 220 521 5 1 1 1 1
 221 141 8 1 1 1 0
 222 36 1 1 1 1 1
 223 204 5 1 1 1 0
 224 494 1 0 1 0 1
 225 412 6 1 1 1 0
 226 372 2 0 0 0 1
 227 107 0 1 0 1 0
 228 495 6 1 0 0 0
 229 221 2 1 0 1 0
 230 126 6 0 1 0 1
 231 135 5 0 1 0 1
 232 116 5 0 1 0 1
 233 223 3 1 1 1 1
 234 549 2 1 1 1 1
 235 404 3 1 1 0 0
 236 228 5 0 0 1 0
 237 34 8 1 0 0 1
 238 271 5 1 0 1 0
 239 126 3 0 1 0 1
 240 453 3 1 0 1 1
 241 272 7 0 0 0 1
 242 294 5 0 1 1 0
 243 94 3 1 1 0 0
 244 184 1 0 1 0 0
 245 173 0 1 0 0 0
 246 515 2 1 0 0 1
 247 40 5 0 1 1 0
 248 367 3 1 1 0 1
 249 309 2 1 0 1 1
 250 422 2 0 0 1 0
 251 355 1 1 1 0 0
 252 191 0 1 1 1 0
 253 228 8 1 1 1 1
 254 241 2 0 1 0 1
 255 96 1 0 0 1 1
 256 86 7 0 0 0 1
 257 54 3 0 1 1 0
 258 487 7 1 1 0 1
 259 281 5 0 0 0 1
 260 25 8 1 0 0 0
 261 97 2 0 1 0 1
 262 213 3 0 1 1 1
 263 336 8 1 0 0 1
 264 148 3 0 1 1 1
 265 101 7 0 1 1 1
 266 589 7 0 1 0 0
 267 384 1 1 0 1 1
 268 30 2 1 1 0 1
 269 396 6 1 0 1 1
 270 531 1 1 1 1 0
 271 134 8 0 0 0 1
 272 21 5 0 0 1 0
 273 529 0 1 0 1 0
 274 80 0 1 1 0 1
 275 100 0 1 1 0 1
 276 87 2 1 1 1 0
 277 21 6 0 1 0 0
 278 292 5 0 0 1 1
 279 321 5 1 1 0 0
 280 393 5 1 1 0 0
 281 224 7 0 0 0 1
 282 507 6 0 1 1 1
 283 154 0 1 1 1 1
 284 247 3 0 0 1 0
 285 27 6 1 0 0 1
 286 506 7 1 0 1 1
 287 182 6 1 0 1 1
 288 205 1 0 0 1 1
 289 28 0 0 0 1 1
 290 131 0 1 1 0 0
 291 49 5 0 1 0 0
 292 120 1 0 0 1 0
 293 112 3 1 0 0 1
 294 44 7 0 0 0 1
 295 248 2 0 1 0 0
 296 80 7 0 1 1 0
 297 259 0 0 1 0 1
 298 63 6 0 0 1 1
 299 94 6 1 0 0 0
 300 488 6 0 1 1 0
 301 84 5 1 1 0 0
 302 223 5 1 1 1 1
 303 90 6 0 1 0 1
 304 590 5 1 0 0 1
 305 25 8 0 0 1 1
 306 145 8 0 0 0 1
 307 292 3 0 0 1 0
 308 198 1 1 0 1 1
 309 168 1 0 1 0 1
 310 456 8 1 0 0 1
 311 168 1 0 0 1 1
 312 77 8 1 0 1 1
 313 239 1 0 1 0 1
 314 252 0 1 0 1 1
 315 278 8 1 1 0 1
 316 505 1 0 0 1 1
 317 104 2 1 0 0 1
 318 21 0 1 0 0 1
 319 265 7 1 0 1 0
 320 185 0 0 1 0 1
 321 487 0 1 0 1 1
 322 294 0 1 1 0 1
 323 66 7 1 1 1 0
 324 346 2 1 0 0 0
 325 468 7 0 1 0 0
 326 164 1 1 0 0 1
 327 82 5 1 0 1 0
 328 155 3 0 0 1 1
 329 43 6 0 1 0 0
 330 204 7 1 0 1 1
 331 255 7 0 1 0 1
 332 100 1 0 0 1 1
 333 252 3 1 0 0 0
 334 76 2 0 0 0 1
 335 182 5 0 0 1 0
 336 357 3 0 0 1 1
 337 121 8 1 0 0 1
 338 40 6 0 1 0 1
 339 78 5 1 0 0 0
 340 94 2 0 1 0 1
 341 193 5 1 0 1 1
 342 111 1 0 1 1 1
 343 37 2 1 0 0 0
 344 563 0 0 0 1 1
 345 27 7 0 0 1 0
 346 165 6 0 1 1 0
 347 347 3 1 0 1 1
 348 556 1 1 0 0 1
 349 170 3 1 1 1 1
 350 248 1 1 1 0 0
 351 466 6 1 0 1 0
 352 312 2 1 1 1 1
 353 542 5 0 1 1 1
 354 66 8 0 0 1 1
 355 297 6 0 0 1 1
 356 177 7 1 1 0 1
 357 167 3 1 1 0 1
 358 265 2 0 1 0 1
 359 191 0 0 0 0 1
 360 251 0 1 1 0 0
 361 33 3 0 1 0 0
 362 423 0 1 1 1 0
 363 301 5 1 0 1 0
 364 167 3 1 1 1 1
 365 146 6 1 0 0 1
 366 308 6 1 1 0 1
 367 145 8 0 0 0 1
 368 72 1 1 0 1 0
 369 166 1 1 1 0 1
 370 444 3 0 0 0 1
 371 277 8 0 1 0 1
 372 242 6 1 0 1 1
 373 142 0 1 1 0 0
 374 218 7 0 0 1 1
 375 22 3 0 1 0 1
 376 264 1 0 1 0 1
 377 181 5 1 1 0 1
 378 176 5 1 1 0 0
 379 153 3 1 0 1 0
 380 188 3 1 1 0 1
 381 221 3 1 1 0 1
 382 357 5 1 1 1 0
 383 321 1 1 0 0 0
 384 133 6 0 1 1 1
 385 48 5 1 1 1 1
 386 322 7 1 1 0 1
 387 196 7 0 0 0 1
 388 470 5 0 1 1 0
 389 207 5 1 1 0 0
 390 46 6 0 1 0 0
 391 236 0 1 0 0 0
 392 63 5 0 0 1 1
 393 71 6 0 0 1 1
 394 105 6 0 1 1 1
 395 74 5 1 0 0 1
 396 196 7 0 1 1 1
 397 43 2 0 1 0 1
 398 203 1 1 1 1 0
 399 23 2 0 0 1 0
 400 117 8 1 0 1 1
 401 313 6 1 0 1 1
 402 399 0 0 1 0 1
 403 43 8 1 1 1 1
 404 249 1 0 0 1 1
 405 398 2 1 0 0 0
 406 265 3 1 1 0 0
 407 60 5 1 1 0 1
 408 173 2 0 1 1 1
 409 84 0 1 1 0 1
 410 442 5 0 1 0 0
 411 225 3 0 0 1 0
 412 140 7 0 0 1 1
 413 96 0 0 0 1 1
 414 81 3 1 0 1 0
 415 485 0 0 1 0 0
 416 185 0 0 0 1 1
 417 317 6 1 0 0 0
 418 59 3 1 1 1 1
 419 270 2 1 1 0 0
 420 78 1 0 1 1 1
 421 259 7 1 1 0 1
 422 112 1 0 1 1 1
 423 228 2 0 1 0 0
